{
  "fl_x": 1731.2767,
  "fl_y": 1731.2476,
  "cx": 1922.7202,
  "cy": 1077.0398,
  "w": 3840,
  "h": 2160,
  "camera_model": "OPENCV",
  "k1": 0.03477781,
  "k2": -0.031238856,
  "p1": 0.00015755503,
  "p2": -0.0006262892,
  "aabb_scale": 16,
  "scale": 1,
  "frames": [
    {
      "file_path": "images/frame_00001.jpg",
      "transform_matrix": [
        [
          0.009871168,
          -0.086444944,
          0.99620765,
          5.9332695
        ],
        [
          0.99994594,
          -0.0024027324,
          -0.010116705,
          2.815922
        ],
        [
          0.0032681585,
          0.9962536,
          0.08641656,
          -0.007398069
        ],
        [
          0,
          0,
          0,
          1
        ]
      ]
    },
    {
      "file_path": "images/frame_00009.jpg",
      "transform_matrix": [
        [
          0.042654563,
          -0.11603206,
          0.99232906,
          5.537767
        ],
        [
          0.99879366,
          0.02913684,
          -0.039525494,
          2.4527762
        ],
        [
          -0.024327109,
          0.99281794,
          0.1171349,
          0.0006836057
        ],
        [
          0,
          0,
          0,
          1
        ]
      ]
    },
    {
      "file_path": "images/frame_00011.jpg",
      "transform_matrix": [
        [
          0.1395171,
          -0.1468778,
          0.9792659,
          5.154554
        ],
        [
          0.98937744,
          0.061455753,
          -0.13174011,
          2.290072
        ],
        [
          -0.04083183,
          0.9872436,
          0.15389171,
          -0.009088367
        ],
        [
          0,
          0,
          0,
          1
        ]
      ]
    },
    {
      "file_path": "images/frame_00013.jpg",
      "transform_matrix": [
        [
          0.26682073,
          -0.17298406,
          0.9480944,
          4.8048105
        ],
        [
          0.96144176,
          0.11576748,
          -0.24945472,
          1.9952615
        ],
        [
          -0.06660681,
          0.9780972,
          0.19720326,
          0.02711153
        ],
        [
          0,
          0,
          0,
          1
        ]
      ]
    },
    {
      "file_path": "images/frame_00015.jpg",
      "transform_matrix": [
        [
          0.3510048,
          -0.15789166,
          0.9229657,
          4.492216
        ],
        [
          0.93504703,
          0.11155284,
          -0.336516,
          1.7773815
        ],
        [
          -0.049826384,
          0.9811351,
          0.1867917,
          0.030895859
        ],
        [
          0,
          0,
          0,
          1
        ]
      ]
    },
    {
      "file_path": "images/frame_00017.jpg",
      "transform_matrix": [
        [
          0.41379198,
          -0.18207136,
          0.89197874,
          4.198542
        ],
        [
          0.90982574,
          0.11662804,
          -0.39826503,
          1.5986629
        ],
        [
          -0.03151709,
          0.97634405,
          0.21391295,
          -0.0015706718
        ],
        [
          0,
          0,
          0,
          1
        ]
      ]
    },
    {
      "file_path": "images/frame_00019.jpg",
      "transform_matrix": [
        [
          0.46690717,
          -0.16535395,
          0.86870915,
          3.9065416
        ],
        [
          0.8827538,
          0.14533727,
          -0.44679168,
          1.2694267
        ],
        [
          -0.052377038,
          0.97546655,
          0.21382585,
          0.026447147
        ],
        [
          0,
          0,
          0,
          1
        ]
      ]
    },
    {
      "file_path": "images/frame_00021.jpg",
      "transform_matrix": [
        [
          0.45131144,
          -0.16300786,
          0.8773518,
          3.570093
        ],
        [
          0.8915313,
          0.124890804,
          -0.43540126,
          0.93131834
        ],
        [
          -0.03859935,
          0.9786882,
          0.20169125,
          0.016928673
        ],
        [
          0,
          0,
          0,
          1
        ]
      ]
    },
    {
      "file_path": "images/frame_00023.jpg",
      "transform_matrix": [
        [
          0.48135945,
          -0.16511132,
          0.8608317,
          3.2479756
        ],
        [
          0.87604856,
          0.122943275,
          -0.46628734,
          0.6690122
        ],
        [
          -0.028844148,
          0.97858214,
          0.20382541,
          0.01547578
        ],
        [
          0,
          0,
          0,
          1
        ]
      ]
    },
    {
      "file_path": "images/frame_00025.jpg",
      "transform_matrix": [
        [
          0.5209422,
          -0.14678337,
          0.8408768,
          2.936472
        ],
        [
          0.8528171,
          0.13146353,
          -0.50539124,
          0.27250108
        ],
        [
          -0.036361597,
          0.9803937,
          0.19366427,
          0.03564176
        ],
        [
          0,
          0,
          0,
          1
        ]
      ]
    },
    {
      "file_path": "images/frame_00027.jpg",
      "transform_matrix": [
        [
          0.5080281,
          -0.12344971,
          0.85244787,
          2.665635
        ],
        [
          0.8611303,
          0.09465548,
          -0.4994947,
          0.008227347
        ],
        [
          -0.019026387,
          0.98782605,
          0.15439393,
          0.032181323
        ],
        [
          0,
          0,
          0,
          1
        ]
      ]
    },
    {
      "file_path": "images/frame_00029.jpg",
      "transform_matrix": [
        [
          0.53720784,
          -0.13027604,
          0.8333281,
          2.3975508
        ],
        [
          0.8432897,
          0.10221517,
          -0.5276501,
          -0.2523167
        ],
        [
          -0.01643861,
          0.98619473,
          0.16477123,
          0.034430653
        ],
        [
          0,
          0,
          0,
          1
        ]
      ]
    },
    {
      "file_path": "images/frame_00031.jpg",
      "transform_matrix": [
        [
          0.606903,
          -0.13764225,
          0.7827664,
          2.0288718
        ],
        [
          0.7944956,
          0.13122226,
          -0.5929228,
          -0.6925292
        ],
        [
          -0.021105144,
          0.9817511,
          0.18899535,
          0.040735066
        ],
        [
          0,
          0,
          0,
          1
        ]
      ]
    },
    {
      "file_path": "images/frame_00033.jpg",
      "transform_matrix": [
        [
          0.6174447,
          -0.14562331,
          0.7730173,
          1.8467169
        ],
        [
          0.78656864,
          0.12488153,
          -0.6047432,
          -0.903248
        ],
        [
          -0.008470874,
          0.98142666,
          0.19165015,
          0.018327028
        ],
        [
          0,
          0,
          0,
          1
        ]
      ]
    },
    {
      "file_path": "images/frame_00035.jpg",
      "transform_matrix": [
        [
          0.67194474,
          -0.14816672,
          0.7256286,
          1.574358
        ],
        [
          0.74053806,
          0.12161611,
          -0.66091824,
          -1.1478758
        ],
        [
          0.009677969,
          0.98145604,
          0.1914424,
          0.026889473
        ],
        [
          0,
          0,
          0,
          1
        ]
      ]
    },
    {
      "file_path": "images/frame_00037.jpg",
      "transform_matrix": [
        [
          0.7322402,
          -0.14525187,
          0.66537666,
          1.2397646
        ],
        [
          0.6810042,
          0.14528106,
          -0.71772325,
          -1.5268053
        ],
        [
          0.007584017,
          0.97867006,
          0.20529777,
          0.052111294
        ],
        [
          0,
          0,
          0,
          1
        ]
      ]
    },
    {
      "file_path": "images/frame_00039.jpg",
      "transform_matrix": [
        [
          0.7537913,
          -0.15698104,
          0.6380874,
          1.0483515
        ],
        [
          0.6566551,
          0.14367428,
          -0.7403795,
          -1.7294009
        ],
        [
          0.024548803,
          0.97709495,
          0.21138282,
          0.032848552
        ],
        [
          0,
          0,
          0,
          1
        ]
      ]
    },
    {
      "file_path": "images/frame_00041.jpg",
      "transform_matrix": [
        [
          0.7718687,
          -0.17882551,
          0.61011475,
          0.72131085
        ],
        [
          0.6342403,
          0.14979208,
          -0.75848633,
          -1.8803974
        ],
        [
          0.044246353,
          0.9724113,
          0.22903816,
          0.026094973
        ],
        [
          0,
          0,
          0,
          1
        ]
      ]
    },
    {
      "file_path": "images/frame_00043.jpg",
      "transform_matrix": [
        [
          0.81364566,
          -0.17456545,
          0.5545336,
          0.4639178
        ],
        [
          0.5797618,
          0.1729403,
          -0.796221,
          -2.196628
        ],
        [
          0.043091476,
          0.9693392,
          0.2419185,
          0.0377476
        ],
        [
          0,
          0,
          0,
          1
        ]
      ]
    },
    {
      "file_path": "images/frame_00045.jpg",
      "transform_matrix": [
        [
          0.82583934,
          -0.17196071,
          0.5370463,
          0.1922227
        ],
        [
          0.56205034,
          0.1738223,
          -0.8086317,
          -2.5585897
        ],
        [
          0.045702275,
          0.96964693,
          0.24019986,
          0.035050616
        ],
        [
          0,
          0,
          0,
          1
        ]
      ]
    },
    {
      "file_path": "images/frame_00047.jpg",
      "transform_matrix": [
        [
          0.8457261,
          -0.1722328,
          0.5050576,
          -0.101510994
        ],
        [
          0.53092176,
          0.17657948,
          -0.8288195,
          -2.7789552
        ],
        [
          0.053567104,
          0.9691003,
          0.24078001,
          0.044973485
        ],
        [
          0,
          0,
          0,
          1
        ]
      ]
    },
    {
      "file_path": "images/frame_00049.jpg",
      "transform_matrix": [
        [
          0.9025421,
          -0.1465284,
          0.40490362,
          -0.4618277
        ],
        [
          0.4283936,
          0.2104511,
          -0.878743,
          -3.2182848
        ],
        [
          0.0435484,
          0.96656066,
          0.2527128,
          0.06518529
        ],
        [
          0,
          0,
          0,
          1
        ]
      ]
    },
    {
      "file_path": "images/frame_00051.jpg",
      "transform_matrix": [
        [
          0.9429351,
          -0.12732917,
          0.30766958,
          -0.8274957
        ],
        [
          0.32938483,
          0.22133887,
          -0.917886,
          -3.4836705
        ],
        [
          0.048774425,
          0.9668486,
          0.25064847,
          0.042540126
        ],
        [
          0,
          0,
          0,
          1
        ]
      ]
    },
    {
      "file_path": "images/frame_00053.jpg",
      "transform_matrix": [
        [
          0.97177,
          -0.11089924,
          0.208241,
          -1.1472399
        ],
        [
          0.22896762,
          0.23046005,
          -0.94576,
          -3.67109
        ],
        [
          0.056892835,
          0.9667416,
          0.2493465,
          0.058805235
        ],
        [
          0,
          0,
          0,
          1
        ]
      ]
    },
    {
      "file_path": "images/frame_00055.jpg",
      "transform_matrix": [
        [
          0.9913392,
          -0.093344234,
          0.09237628,
          -1.5253909
        ],
        [
          0.11333399,
          0.25272107,
          -0.9608785,
          -4.0186615
        ],
        [
          0.06634705,
          0.96302587,
          0.26111138,
          0.078793675
        ],
        [
          0,
          0,
          0,
          1
        ]
      ]
    },
    {
      "file_path": "images/frame_00057.jpg",
      "transform_matrix": [
        [
          0.99541324,
          -0.090911835,
          0.02978615,
          -1.9527471
        ],
        [
          0.052168217,
          0.2548424,
          -0.9655743,
          -4.020012
        ],
        [
          0.08019137,
          0.9626994,
          0.2584162,
          0.06372288
        ],
        [
          0,
          0,
          0,
          1
        ]
      ]
    },
    {
      "file_path": "images/frame_00059.jpg",
      "transform_matrix": [
        [
          0.99644196,
          -0.0733414,
          -0.041524574,
          -2.3687866
        ],
        [
          -0.019466259,
          0.27909645,
          -0.9600657,
          -4.241017
        ],
        [
          0.08200193,
          0.95745814,
          0.27667573,
          0.09498945
        ],
        [
          0,
          0,
          0,
          1
        ]
      ]
    },
    {
      "file_path": "images/frame_00061.jpg",
      "transform_matrix": [
        [
          0.9918904,
          -0.038066264,
          -0.12126164,
          -2.7447774
        ],
        [
          -0.10393281,
          0.30621576,
          -0.9462716,
          -4.328328
        ],
        [
          0.07315325,
          0.95120066,
          0.29977608,
          0.08767372
        ],
        [
          0,
          0,
          0,
          1
        ]
      ]
    },
    {
      "file_path": "images/frame_00063.jpg",
      "transform_matrix": [
        [
          0.97150487,
          0.01441174,
          -0.23658067,
          -3.1140172
        ],
        [
          -0.22866361,
          0.3196812,
          -0.9195199,
          -4.2528353
        ],
        [
          0.062378507,
          0.94741553,
          0.31386733,
          0.09310046
        ],
        [
          0,
          0,
          0,
          1
        ]
      ]
    },
    {
      "file_path": "images/frame_00065.jpg",
      "transform_matrix": [
        [
          0.9236885,
          0.07833002,
          -0.3750518,
          -3.5655801
        ],
        [
          -0.3796379,
          0.31923732,
          -0.8683102,
          -4.2849092
        ],
        [
          0.051715776,
          0.94443196,
          0.32461286,
          0.12147567
        ],
        [
          0,
          0,
          0,
          1
        ]
      ]
    },
    {
      "file_path": "images/frame_00067.jpg",
      "transform_matrix": [
        [
          0.88713455,
          0.0985726,
          -0.45086086,
          -3.7754896
        ],
        [
          -0.4581128,
          0.3064134,
          -0.83441204,
          -4.051029
        ],
        [
          0.055899657,
          0.9467809,
          0.3169873,
          0.10297069
        ],
        [
          0,
          0,
          0,
          1
        ]
      ]
    },
    {
      "file_path": "images/frame_00069.jpg",
      "transform_matrix": [
        [
          0.83948797,
          0.112380326,
          -0.5316299,
          -4.024788
        ],
        [
          -0.5396543,
          0.2867772,
          -0.79153776,
          -3.8075135
        ],
        [
          0.06350609,
          0.9513828,
          0.30139256,
          0.11566433
        ],
        [
          0,
          0,
          0,
          1
        ]
      ]
    },
    {
      "file_path": "images/frame_00071.jpg",
      "transform_matrix": [
        [
          0.7037341,
          0.17746153,
          -0.687943,
          -4.3717437
        ],
        [
          -0.70769745,
          0.26045603,
          -0.6567549,
          -3.5405388
        ],
        [
          0.06263018,
          0.9490363,
          0.3088809,
          0.13582116
        ],
        [
          0,
          0,
          0,
          1
        ]
      ]
    },
    {
      "file_path": "images/frame_00073.jpg",
      "transform_matrix": [
        [
          0.5847755,
          0.22367199,
          -0.77974886,
          -4.6000705
        ],
        [
          -0.80925566,
          0.22728635,
          -0.54170674,
          -3.2845736
        ],
        [
          0.05606166,
          0.947793,
          0.31391928,
          0.12921783
        ],
        [
          0,
          0,
          0,
          1
        ]
      ]
    },
    {
      "file_path": "images/frame_00075.jpg",
      "transform_matrix": [
        [
          0.46124125,
          0.2589425,
          -0.848649,
          -4.83536
        ],
        [
          -0.8855902,
          0.19326365,
          -0.42234957,
          -3.0129259
        ],
        [
          0.054648735,
          0.9463603,
          0.31845814,
          0.14483237
        ],
        [
          0,
          0,
          0,
          1
        ]
      ]
    },
    {
      "file_path": "images/frame_00077.jpg",
      "transform_matrix": [
        [
          0.31977028,
          0.29922682,
          -0.8990051,
          -5.242276
        ],
        [
          -0.94582224,
          0.15716451,
          -0.2841119,
          -2.7048192
        ],
        [
          0.056277808,
          0.9411496,
          0.3332719,
          0.17332864
        ],
        [
          0,
          0,
          0,
          1
        ]
      ]
    },
    {
      "file_path": "images/frame_00079.jpg",
      "transform_matrix": [
        [
          0.26346803,
          0.334122,
          -0.9049569,
          -5.2619443
        ],
        [
          -0.9627887,
          0.14960636,
          -0.22506846,
          -2.3457372
        ],
        [
          0.060186986,
          0.93058056,
          0.36110538,
          0.13996977
        ],
        [
          0,
          0,
          0,
          1
        ]
      ]
    },
    {
      "file_path": "images/frame_00081.jpg",
      "transform_matrix": [
        [
          0.25501102,
          0.43925452,
          -0.86140853,
          -5.344776
        ],
        [
          -0.96543103,
          0.16538431,
          -0.20147209,
          -2.148582
        ],
        [
          0.05396592,
          0.8830081,
          0.46624476,
          0.08527559
        ],
        [
          0,
          0,
          0,
          1
        ]
      ]
    },
    {
      "file_path": "images/frame_00089.jpg",
      "transform_matrix": [
        [
          0.16588877,
          0.38766763,
          -0.9067494,
          -5.211988
        ],
        [
          -0.98612744,
          0.07061243,
          -0.15022157,
          -1.9566263
        ],
        [
          0.005791746,
          0.91909057,
          0.3940035,
          0.10885954
        ],
        [
          0,
          0,
          0,
          1
        ]
      ]
    },
    {
      "file_path": "images/frame_00095.jpg",
      "transform_matrix": [
        [
          0.13409606,
          0.34226096,
          -0.92998683,
          -4.796847
        ],
        [
          -0.9908175,
          0.06268088,
          -0.119799,
          -1.2479035
        ],
        [
          0.017289866,
          0.9375118,
          0.34752345,
          0.13206536
        ],
        [
          0,
          0,
          0,
          1
        ]
      ]
    },
    {
      "file_path": "images/frame_00097.jpg",
      "transform_matrix": [
        [
          0.031755242,
          0.3682378,
          -0.9291891,
          -4.715953
        ],
        [
          -0.99930626,
          0.029795116,
          -0.022343703,
          -0.94139755
        ],
        [
          0.019457502,
          0.929254,
          0.3689285,
          0.12052783
        ],
        [
          0,
          0,
          0,
          1
        ]
      ]
    },
    {
      "file_path": "images/frame_00099.jpg",
      "transform_matrix": [
        [
          -0.15293117,
          0.36953837,
          -0.9165442,
          -4.756825
        ],
        [
          -0.98726624,
          -0.01603508,
          0.15826645,
          -0.45466962
        ],
        [
          0.043788668,
          0.929077,
          0.367285,
          0.08747816
        ],
        [
          0,
          0,
          0,
          1
        ]
      ]
    },
    {
      "file_path": "images/frame_00101.jpg",
      "transform_matrix": [
        [
          -0.38295195,
          0.27571195,
          -0.8816635,
          -4.5703797
        ],
        [
          -0.9200686,
          -0.028506722,
          0.3907187,
          -0.025769489
        ],
        [
          0.08259249,
          0.9608174,
          0.26459062,
          -0.09169245
        ],
        [
          0,
          0,
          0,
          1
        ]
      ]
    },
    {
      "file_path": "images/frame_00103.jpg",
      "transform_matrix": [
        [
          -0.47023344,
          0.25610736,
          -0.84456456,
          -4.580648
        ],
        [
          -0.8820983,
          -0.10604646,
          0.4589736,
          0.32009512
        ],
        [
          0.02798342,
          0.9608137,
          0.27577844,
          -0.023264915
        ],
        [
          0,
          0,
          0,
          1
        ]
      ]
    },
    {
      "file_path": "images/frame_00107.jpg",
      "transform_matrix": [
        [
          -0.42538458,
          0.24542913,
          -0.87109834,
          -4.420623
        ],
        [
          -0.90489906,
          -0.10009229,
          0.41368982,
          0.6132323
        ],
        [
          0.014341302,
          0.9642333,
          0.26466632,
          0.04436183
        ],
        [
          0,
          0,
          0,
          1
        ]
      ]
    },
    {
      "file_path": "images/frame_00111.jpg",
      "transform_matrix": [
        [
          -0.5097367,
          0.19474226,
          -0.8379999,
          -3.9982598
        ],
        [
          -0.86007375,
          -0.1391385,
          0.4908295,
          1.0434884
        ],
        [
          -0.021012798,
          0.9709355,
          0.2384167,
          0.057621986
        ],
        [
          0,
          0,
          0,
          1
        ]
      ]
    },
    {
      "file_path": "images/frame_00115.jpg",
      "transform_matrix": [
        [
          -0.54449254,
          0.26256132,
          -0.7966111,
          -3.6287289
        ],
        [
          -0.838716,
          -0.16009445,
          0.52050483,
          1.4534777
        ],
        [
          0.009131413,
          0.9515414,
          0.3073846,
          0.029962331
        ],
        [
          0,
          0,
          0,
          1
        ]
      ]
    },
    {
      "file_path": "images/frame_00119.jpg",
      "transform_matrix": [
        [
          -0.60064256,
          0.25008458,
          -0.75939846,
          -3.3260972
        ],
        [
          -0.79858536,
          -0.23351294,
          0.554737,
          1.8644837
        ],
        [
          -0.038598217,
          0.93964314,
          0.3399717,
          0.059192687
        ],
        [
          0,
          0,
          0,
          1
        ]
      ]
    },
    {
      "file_path": "images/frame_00123.jpg",
      "transform_matrix": [
        [
          -0.6892259,
          0.19763362,
          -0.6970713,
          -2.9732754
        ],
        [
          -0.7235146,
          -0.23905846,
          0.64759374,
          2.22537
        ],
        [
          -0.038654514,
          0.9506796,
          0.3077561,
          0.07765329
        ],
        [
          0,
          0,
          0,
          1
        ]
      ]
    },
    {
      "file_path": "images/frame_00127.jpg",
      "transform_matrix": [
        [
          -0.71249086,
          0.25228179,
          -0.6547598,
          -2.5852158
        ],
        [
          -0.7016812,
          -0.25673538,
          0.6646281,
          2.716419
        ],
        [
          -0.00042646378,
          0.9329741,
          0.359943,
          0.03795536
        ],
        [
          0,
          0,
          0,
          1
        ]
      ]
    },
    {
      "file_path": "images/frame_00131.jpg",
      "transform_matrix": [
        [
          -0.6446053,
          0.26750544,
          -0.7161876,
          -2.1946158
        ],
        [
          -0.7639328,
          -0.18880993,
          0.6170555,
          3.1992896
        ],
        [
          0.029842358,
          0.94487643,
          0.32606408,
          0.045448333
        ],
        [
          0,
          0,
          0,
          1
        ]
      ]
    },
    {
      "file_path": "images/frame_00135.jpg",
      "transform_matrix": [
        [
          -0.7015716,
          0.2644087,
          -0.661729,
          -1.6462284
        ],
        [
          -0.7125979,
          -0.2587369,
          0.65211916,
          3.7673216
        ],
        [
          0.0012122951,
          0.9290549,
          0.3699396,
          0.027647436
        ],
        [
          0,
          0,
          0,
          1
        ]
      ]
    },
    {
      "file_path": "images/frame_00137.jpg",
      "transform_matrix": [
        [
          -0.7113282,
          0.24467799,
          -0.6588966,
          -1.3747836
        ],
        [
          -0.70268637,
          -0.26839617,
          0.658935,
          4.0471015
        ],
        [
          -0.015618432,
          0.9317167,
          0.36284962,
          0.03415353
        ],
        [
          0,
          0,
          0,
          1
        ]
      ]
    },
    {
      "file_path": "images/frame_00139.jpg",
      "transform_matrix": [
        [
          -0.73079133,
          0.23463622,
          -0.6410068,
          -1.066807
        ],
        [
          -0.6823877,
          -0.27458897,
          0.6774569,
          4.4774127
        ],
        [
          -0.017057452,
          0.9324949,
          0.3607801,
          0.04779458
        ],
        [
          0,
          0,
          0,
          1
        ]
      ]
    },
    {
      "file_path": "images/frame_00141.jpg",
      "transform_matrix": [
        [
          -0.7154214,
          0.25553972,
          -0.6502857,
          -0.82124823
        ],
        [
          -0.69859064,
          -0.27756897,
          0.6594897,
          4.7595415
        ],
        [
          -0.011973355,
          0.92609656,
          0.37709644,
          0.0012676567
        ],
        [
          0,
          0,
          0,
          1
        ]
      ]
    },
    {
      "file_path": "images/frame_00143.jpg",
      "transform_matrix": [
        [
          -0.81389374,
          0.18992901,
          -0.5490936,
          -0.49441573
        ],
        [
          -0.58053154,
          -0.30432743,
          0.7552271,
          5.046985
        ],
        [
          -0.023664705,
          0.93344074,
          0.35794994,
          0.00088001415
        ],
        [
          0,
          0,
          0,
          1
        ]
      ]
    },
    {
      "file_path": "images/frame_00145.jpg",
      "transform_matrix": [
        [
          -0.94046164,
          0.07918171,
          -0.33054808,
          -0.2558885
        ],
        [
          -0.33760384,
          -0.3304454,
          0.8813793,
          5.326215
        ],
        [
          -0.039438978,
          0.94049776,
          0.33750325,
          0.042104308
        ],
        [
          0,
          0,
          0,
          1
        ]
      ]
    },
    {
      "file_path": "images/frame_00147.jpg",
      "transform_matrix": [
        [
          -0.9736523,
          0.046791174,
          -0.22318508,
          -0.096552946
        ],
        [
          -0.2261897,
          -0.32250023,
          0.9191473,
          5.2951946
        ],
        [
          -0.028969266,
          0.9454121,
          0.32458678,
          0.037983526
        ],
        [
          0,
          0,
          0,
          1
        ]
      ]
    },
    {
      "file_path": "images/frame_00149.jpg",
      "transform_matrix": [
        [
          -0.97880834,
          0.06883899,
          -0.19286068,
          0.10426698
        ],
        [
          -0.20473139,
          -0.3490731,
          0.9144578,
          5.401876
        ],
        [
          -0.0043721274,
          0.9345635,
          0.3557692,
          0.02467442
        ],
        [
          0,
          0,
          0,
          1
        ]
      ]
    },
    {
      "file_path": "images/frame_00151.jpg",
      "transform_matrix": [
        [
          -0.9788599,
          0.100684196,
          -0.17803314,
          0.47115153
        ],
        [
          -0.20283936,
          -0.36614,
          0.90818375,
          5.5716763
        ],
        [
          0.026254699,
          0.92509675,
          0.3788225,
          0.022533102
        ],
        [
          0,
          0,
          0,
          1
        ]
      ]
    },
    {
      "file_path": "images/frame_00153.jpg",
      "transform_matrix": [
        [
          -0.98538935,
          0.11553923,
          -0.12513283,
          1.0174396
        ],
        [
          -0.15868174,
          -0.35592046,
          0.9209456,
          5.667403
        ],
        [
          0.061868012,
          0.9273463,
          0.36905423,
          -0.042461246
        ],
        [
          0,
          0,
          0,
          1
        ]
      ]
    },
    {
      "file_path": "images/frame_00155.jpg",
      "transform_matrix": [
        [
          -0.9987353,
          0.043874636,
          0.024550073,
          1.4188975
        ],
        [
          0.0060783797,
          -0.3793502,
          0.9252332,
          6.0202737
        ],
        [
          0.04990734,
          0.9242122,
          0.37860373,
          0.0057869107
        ],
        [
          0,
          0,
          0,
          1
        ]
      ]
    },
    {
      "file_path": "images/frame_00157.jpg",
      "transform_matrix": [
        [
          -0.9740147,
          -0.045184948,
          0.22193119,
          1.6515927
        ],
        [
          0.22474828,
          -0.31392518,
          0.92246366,
          6.067329
        ],
        [
          0.027988322,
          0.9483718,
          0.31592298,
          0.014728457
        ],
        [
          0,
          0,
          0,
          1
        ]
      ]
    },
    {
      "file_path": "images/frame_00159.jpg",
      "transform_matrix": [
        [
          -0.9472825,
          -0.06881767,
          0.3129215,
          1.9701414
        ],
        [
          0.32021716,
          -0.23627979,
          0.9174055,
          6.213155
        ],
        [
          0.0108033195,
          0.96924496,
          0.24586031,
          0.09910768
        ],
        [
          0,
          0,
          0,
          1
        ]
      ]
    },
    {
      "file_path": "images/frame_00161.jpg",
      "transform_matrix": [
        [
          -0.94844985,
          -0.067148544,
          0.3097318,
          2.0899446
        ],
        [
          0.31679773,
          -0.22878356,
          0.9204875,
          6.184534
        ],
        [
          0.009052157,
          0.97115856,
          0.23826224,
          0.10950446
        ],
        [
          0,
          0,
          0,
          1
        ]
      ]
    },
    {
      "file_path": "images/frame_00163.jpg",
      "transform_matrix": [
        [
          -0.9557976,
          -0.04754588,
          0.29015532,
          2.2230158
        ],
        [
          0.29337218,
          -0.21994264,
          0.9303537,
          5.910834
        ],
        [
          0.019583046,
          0.9743534,
          0.22416931,
          0.08602604
        ],
        [
          0,
          0,
          0,
          1
        ]
      ]
    },
    {
      "file_path": "images/frame_00165.jpg",
      "transform_matrix": [
        [
          -0.90690744,
          -0.06982947,
          0.41550273,
          2.6219084
        ],
        [
          0.42059237,
          -0.20836149,
          0.8829992,
          5.7656274
        ],
        [
          0.024915397,
          0.97555584,
          0.21833432,
          0.076520026
        ],
        [
          0,
          0,
          0,
          1
        ]
      ]
    },
    {
      "file_path": "images/frame_00167.jpg",
      "transform_matrix": [
        [
          -0.81560034,
          -0.105475344,
          0.5689208,
          3.0602176
        ],
        [
          0.57828665,
          -0.18173756,
          0.7953339,
          5.5726438
        ],
        [
          0.019506156,
          0.9776739,
          0.2092202,
          0.050434858
        ],
        [
          0,
          0,
          0,
          1
        ]
      ]
    },
    {
      "file_path": "images/frame_00169.jpg",
      "transform_matrix": [
        [
          -0.7037896,
          -0.13166292,
          0.6981009,
          3.4592652
        ],
        [
          0.70978373,
          -0.17152315,
          0.68321806,
          5.16516
        ],
        [
          0.02978599,
          0.97634244,
          0.21416841,
          0.037196785
        ],
        [
          0,
          0,
          0,
          1
        ]
      ]
    },
    {
      "file_path": "images/frame_00171.jpg",
      "transform_matrix": [
        [
          -0.5945877,
          -0.16762549,
          0.7863631,
          3.8625312
        ],
        [
          0.8034013,
          -0.16255574,
          0.57281935,
          4.870235
        ],
        [
          0.031808723,
          0.97235644,
          0.2313242,
          0.02636537
        ],
        [
          0,
          0,
          0,
          1
        ]
      ]
    },
    {
      "file_path": "images/frame_00173.jpg",
      "transform_matrix": [
        [
          -0.36620942,
          -0.22216424,
          0.90362245,
          3.9563284
        ],
        [
          0.9298986,
          -0.123208545,
          0.34656632,
          4.232686
        ],
        [
          0.034339365,
          0.9671931,
          0.25171036,
          -0.030656338
        ],
        [
          0,
          0,
          0,
          1
        ]
      ]
    },
    {
      "file_path": "images/frame_00175.jpg",
      "transform_matrix": [
        [
          -0.07078871,
          -0.26730084,
          0.96100944,
          4.191798
        ],
        [
          0.9974013,
          -0.03191013,
          0.0645937,
          3.5666666
        ],
        [
          0.013399983,
          0.9630845,
          0.2688651,
          -0.023338735
        ],
        [
          0,
          0,
          0,
          1
        ]
      ]
    },
    {
      "file_path": "images/frame_00177.jpg",
      "transform_matrix": [
        [
          0.08496125,
          -0.2724645,
          0.9584073,
          4.049368
        ],
        [
          0.9963737,
          0.018804634,
          -0.08298096,
          3.1761134
        ],
        [
          0.004586868,
          0.961982,
          0.27307415,
          -0.043165833
        ],
        [
          0,
          0,
          0,
          1
        ]
      ]
    },
    {
      "file_path": "images/frame_00179.jpg",
      "transform_matrix": [
        [
          0.23232198,
          -0.2865016,
          0.92948544,
          3.9983284
        ],
        [
          0.9726377,
          0.0699293,
          -0.22155298,
          2.499219
        ],
        [
          -0.0015229825,
          0.9555242,
          0.29490834,
          -0.026192367
        ],
        [
          0,
          0,
          0,
          1
        ]
      ]
    },
    {
      "file_path": "images/frame_00181.jpg",
      "transform_matrix": [
        [
          0.30590722,
          -0.30847013,
          0.9007035,
          3.754621
        ],
        [
          0.95194256,
          0.11404317,
          -0.2842525,
          2.089443
        ],
        [
          -0.015035672,
          0.94437283,
          0.3285325,
          -0.065090686
        ],
        [
          0,
          0,
          0,
          1
        ]
      ]
    },
    {
      "file_path": "images/frame_00183.jpg",
      "transform_matrix": [
        [
          0.40365013,
          -0.30666053,
          0.8619894,
          3.3492906
        ],
        [
          0.9144518,
          0.16515231,
          -0.3694627,
          1.700999
        ],
        [
          -0.029059906,
          0.9373814,
          0.34709004,
          -0.09298691
        ],
        [
          0,
          0,
          0,
          1
        ]
      ]
    },
    {
      "file_path": "images/frame_00185.jpg",
      "transform_matrix": [
        [
          0.4969823,
          -0.2954781,
          0.8159051,
          2.9068606
        ],
        [
          0.8669988,
          0.20846727,
          -0.45260853,
          1.2586615
        ],
        [
          -0.0363536,
          0.93232715,
          0.35978374,
          -0.08219814
        ],
        [
          0,
          0,
          0,
          1
        ]
      ]
    },
    {
      "file_path": "images/frame_00187.jpg",
      "transform_matrix": [
        [
          0.49317142,
          -0.30750537,
          0.8137704,
          2.403824
        ],
        [
          0.8696484,
          0.19815826,
          -0.45215586,
          1.2467364
        ],
        [
          -0.022214975,
          0.93068445,
          0.36514756,
          -0.10285905
        ],
        [
          0,
          0,
          0,
          1
        ]
      ]
    },
    {
      "file_path": "images/frame_00189.jpg",
      "transform_matrix": [
        [
          0.4882492,
          -0.30648482,
          0.8171166,
          1.969499
        ],
        [
          0.8726764,
          0.17894407,
          -0.45432916,
          1.191471
        ],
        [
          -0.0069731735,
          0.9349042,
          0.35483137,
          -0.100412816
        ],
        [
          0,
          0,
          0,
          1
        ]
      ]
    },
    {
      "file_path": "images/frame_00191.jpg",
      "transform_matrix": [
        [
          0.36326686,
          -0.31623882,
          0.87637323,
          1.7395734
        ],
        [
          0.93166757,
          0.12907024,
          -0.3396121,
          1.3717128
        ],
        [
          -0.0057151727,
          0.9398583,
          0.34151638,
          -0.13834408
        ],
        [
          0,
          0,
          0,
          1
        ]
      ]
    },
    {
      "file_path": "images/frame_00193.jpg",
      "transform_matrix": [
        [
          0.053407643,
          -0.33158162,
          0.94191355,
          1.4636587
        ],
        [
          0.99843097,
          0.033628233,
          -0.044774108,
          1.733644
        ],
        [
          -0.016828615,
          0.94282687,
          0.33285737,
          -0.13823779
        ],
        [
          0,
          0,
          0,
          1
        ]
      ]
    },
    {
      "file_path": "images/frame_00197.jpg",
      "transform_matrix": [
        [
