{
  "fl_x": 1731.2767,
  "fl_y": 1731.2476,
  "cx": 1922.7202,
  "cy": 1077.0398,
  "w": 3840,
  "h": 2160,
  "camera_model": "OPENCV",
  "k1": 0.03477781,
  "k2": -0.031238856,
  "p1": 0.00015755503,
  "p2": -0.0006262892,
  "aabb_scale": 2,
  "frames": [
    {
      "file_path": "images/frame_00001.jpg",
      "transform_matrix": [
        [
          0.009871168,
          -0.086444944,
          0.99620765,
          5.9332695
        ],
        [
          0.99994594,
          -0.0024027324,
          -0.010116705,
          2.815922
        ],
        [
          0.0032681585,
          0.9962536,
          0.08641656,
          -0.007398069
        ],
        [
          0,
          0,
          0,
          1
        ]
      ]
    },
    {
      "file_path": "images/frame_00002.jpg",
      "transform_matrix": [
        [
          0.002429329,
          -0.088276945,
          0.9960929,
          5.9318953
        ],
        [
          0.99999696,
          -0.00016226748,
          -0.0024532313,
          2.8152804
        ],
        [
          0.00037819723,
          0.99609584,
          0.08827628,
          -0.0071539283
        ],
        [
          0,
          0,
          0,
          1
        ]
      ]
    },
    {
      "file_path": "images/frame_00003.jpg",
      "transform_matrix": [
        [
          -0.00019169894,
          -0.08746736,
          0.9961673,
          5.9244103
        ],
        [
          1,
          0.00002305561,
          0.00019446087,
          2.823467
        ],
        [
          -0.000039976225,
          0.9961673,
          0.08746735,
          -0.0067783594
        ],
        [
          0,
          0,
          0,
          1
        ]
      ]
    },
    {
      "file_path": "images/frame_00004.jpg",
      "transform_matrix": [
        [
          -0.0031851921,
          -0.0832163,
          0.99652636,
          5.903829
        ],
        [
          0.99999493,
          -0.0003324435,
          0.0031685177,
          2.840227
        ],
        [
          0.000067616376,
          0.9965314,
          0.08321694,
          -0.0068725348
        ],
        [
          0,
          0,
          0,
          1
        ]
      ]
    },
    {
      "file_path": "images/frame_00005.jpg",
      "transform_matrix": [
        [
          -0.0053754486,
          -0.08132154,
          0.9966733,
          5.893222
        ],
        [
          0.9999855,
          -0.00013713285,
          0.0053821234,
          2.8564217
        ],
        [
          -0.0003010059,
          0.9966878,
          0.0813211,
          -0.004388869
        ],
        [
          0,
          0,
          0,
          1
        ]
      ]
    },
    {
      "file_path": "images/frame_00006.jpg",
      "transform_matrix": [
        [
          0.0015043787,
          -0.089247726,
          0.9960083,
          5.840436
        ],
        [
          0.99999356,
          0.0033875236,
          -0.0012068579,
          2.8237119
        ],
        [
          -0.0032662922,
          0.9960037,
          0.08925225,
          -0.00973618
        ],
        [
          0,
          0,
          0,
          1
        ]
      ]
    },
    {
      "file_path": "images/frame_00007.jpg",
      "transform_matrix": [
        [
          0.009809958,
          -0.09268575,
          0.995647,
          5.757492
        ],
        [
          0.9999278,
          0.007820212,
          -0.009124145,
          2.7282965
        ],
        [
          -0.0069404934,
          0.9956646,
          0.09275577,
          -0.0038810372
        ],
        [
          0,
          0,
          0,
          1
        ]
      ]
    },
    {
      "file_path": "images/frame_00008.jpg",
      "transform_matrix": [
        [
          0.02580952,
          -0.102470994,
          0.99440104,
          5.629875
        ],
        [
          0.9995427,
          0.018322857,
          -0.02405484,
          2.5481815
        ],
        [
          -0.015755346,
          0.99456716,
          0.10289705,
          0.008206725
        ],
        [
          0,
          0,
          0,
          1
        ]
      ]
    },
    {
      "file_path": "images/frame_00009.jpg",
      "transform_matrix": [
        [
          0.042654563,
          -0.11603206,
          0.99232906,
          5.537767
        ],
        [
          0.99879366,
          0.02913684,
          -0.039525494,
          2.4527762
        ],
        [
          -0.024327109,
          0.99281794,
          0.1171349,
          0.0006836057
        ],
        [
          0,
          0,
          0,
          1
        ]
      ]
    },
    {
      "file_path": "images/frame_00010.jpg",
      "transform_matrix": [
        [
          0.0849722,
          -0.13090008,
          0.98774725,
          5.363926
        ],
        [
          0.9958432,
          0.043795336,
          -0.079864725,
          2.3648548
        ],
        [
          -0.03280443,
          0.9904276,
          0.13407734,
          -0.010942131
        ],
        [
          0,
          0,
          0,
          1
        ]
      ]
    },
    {
      "file_path": "images/frame_00011.jpg",
      "transform_matrix": [
        [
          0.1395171,
          -0.1468778,
          0.9792659,
          5.154554
        ],
        [
          0.98937744,
          0.061455753,
          -0.13174011,
          2.290072
        ],
        [
          -0.04083183,
          0.9872436,
          0.15389171,
          -0.009088367
        ],
        [
          0,
          0,
          0,
          1
        ]
      ]
    },
    {
      "file_path": "images/frame_00012.jpg",
      "transform_matrix": [
        [
          0.20308483,
          -0.16072288,
          0.9658802,
          4.9701204
        ],
        [
          0.9776296,
          0.08843359,
          -0.19083987,
          2.1529608
        ],
        [
          -0.054743923,
          0.9830297,
          0.17508696,
          0.0065414608
        ],
        [
          0,
          0,
          0,
          1
        ]
      ]
    },
    {
      "file_path": "images/frame_00013.jpg",
      "transform_matrix": [
        [
          0.26682073,
          -0.17298406,
          0.9480944,
          4.8048105
        ],
        [
          0.96144176,
          0.11576748,
          -0.24945472,
          1.9952615
        ],
        [
          -0.06660681,
          0.9780972,
          0.19720326,
          0.02711153
        ],
        [
          0,
          0,
          0,
          1
        ]
      ]
    },
    {
      "file_path": "images/frame_00014.jpg",
      "transform_matrix": [
        [
          0.3193573,
          -0.16950074,
          0.93235195,
          4.6598516
        ],
        [
          0.9452364,
          0.12692696,
          -0.3006954,
          1.9012134
        ],
        [
          -0.067372516,
          0.97732234,
          0.20075333,
          0.032278985
        ],
        [
          0,
          0,
          0,
          1
        ]
      ]
    },
    {
      "file_path": "images/frame_00015.jpg",
      "transform_matrix": [
        [
          0.3510048,
          -0.15789166,
          0.9229657,
          4.492216
        ],
        [
          0.93504703,
          0.11155284,
          -0.336516,
          1.7773815
        ],
        [
          -0.049826384,
          0.9811351,
          0.1867917,
          0.030895859
        ],
        [
          0,
          0,
          0,
          1
        ]
      ]
    },
    {
      "file_path": "images/frame_00016.jpg",
      "transform_matrix": [
        [
          0.3815482,
          -0.17658833,
          0.9073243,
          4.3545256
        ],
        [
          0.92386997,
          0.10444916,
          -0.36817756,
          1.7149056
        ],
        [
          -0.029753406,
          0.97872704,
          0.20299706,
          0.0058085322
        ],
        [
          0,
          0,
          0,
          1
        ]
      ]
    },
    {
      "file_path": "images/frame_00017.jpg",
      "transform_matrix": [
        [
          0.41379198,
          -0.18207136,
          0.89197874,
          4.198542
        ],
        [
          0.90982574,
          0.11662804,
          -0.39826503,
          1.5986629
        ],
        [
          -0.03151709,
          0.97634405,
          0.21391295,
          -0.0015706718
        ],
        [
          0,
          0,
          0,
          1
        ]
      ]
    },
    {
      "file_path": "images/frame_00018.jpg",
      "transform_matrix": [
        [
          0.44811556,
          -0.1684036,
          0.87797076,
          4.0338545
        ],
        [
          0.8928194,
          0.13423857,
          -0.42994598,
          1.4267149
        ],
        [
          -0.045453083,
          0.97653466,
          0.21050839,
          0.020504504
        ],
        [
          0,
          0,
          0,
          1
        ]
      ]
    },
    {
      "file_path": "images/frame_00019.jpg",
      "transform_matrix": [
        [
          0.46690717,
          -0.16535395,
          0.86870915,
          3.9065416
        ],
        [
          0.8827538,
          0.14533727,
          -0.44679168,
          1.2694267
        ],
        [
          -0.052377038,
          0.97546655,
          0.21382585,
          0.026447147
        ],
        [
          0,
          0,
          0,
          1
        ]
      ]
    },
    {
      "file_path": "images/frame_00020.jpg",
      "transform_matrix": [
        [
          0.467018,
          -0.16332154,
          0.86903393,
          3.7755392
        ],
        [
          0.8828805,
          0.1407569,
          -0.4480061,
          1.0979279
        ],
        [
          -0.04915349,
          0.97648007,
          0.20992944,
          0.014659047
        ],
        [
          0,
          0,
          0,
          1
        ]
      ]
    },
    {
      "file_path": "images/frame_00021.jpg",
      "transform_matrix": [
        [
          0.45131144,
          -0.16300786,
          0.8773518,
          3.570093
        ],
        [
          0.8915313,
          0.124890804,
          -0.43540126,
          0.93131834
        ],
        [
          -0.03859935,
          0.9786882,
          0.20169125,
          0.016928673
        ],
        [
          0,
          0,
          0,
          1
        ]
      ]
    },
    {
      "file_path": "images/frame_00022.jpg",
      "transform_matrix": [
        [
          0.45367232,
          -0.16695085,
          0.8753906,
          3.422362
        ],
        [
          0.89066714,
          0.117889546,
          -0.43910602,
          0.8306363
        ],
        [
          -0.029890273,
          0.97889185,
          0.20218088,
          0.013325006
        ],
        [
          0,
          0,
          0,
          1
        ]
      ]
    },
    {
      "file_path": "images/frame_00023.jpg",
      "transform_matrix": [
        [
          0.48135945,
          -0.16511132,
          0.8608317,
          3.2479756
        ],
        [
          0.87604856,
          0.122943275,
          -0.46628734,
          0.6690122
        ],
        [
          -0.028844148,
          0.97858214,
          0.20382541,
          0.01547578
        ],
        [
          0,
          0,
          0,
          1
        ]
      ]
    },
    {
      "file_path": "images/frame_00024.jpg",
      "transform_matrix": [
        [
          0.506207,
          -0.15909484,
          0.84761024,
          3.0952613
        ],
        [
          0.86171395,
          0.13284317,
          -0.48969558,
          0.48434976
        ],
        [
          -0.034691185,
          0.9782849,
          0.2043404,
          0.015913397
        ],
        [
          0,
          0,
          0,
          1
        ]
      ]
    },
    {
      "file_path": "images/frame_00025.jpg",
      "transform_matrix": [
        [
          0.5209422,
          -0.14678337,
          0.8408768,
          2.936472
        ],
        [
          0.8528171,
          0.13146353,
          -0.50539124,
          0.27250108
        ],
        [
          -0.036361597,
          0.9803937,
          0.19366427,
          0.03564176
        ],
        [
          0,
          0,
          0,
          1
        ]
      ]
    },
    {
      "file_path": "images/frame_00026.jpg",
      "transform_matrix": [
        [
          0.5195651,
          -0.13260768,
          0.84407765,
          2.8307903
        ],
        [
          0.853935,
          0.11423975,
          -0.50768524,
          0.1403383
        ],
        [
          -0.029104259,
          0.984563,
          0.17259333,
          0.033304244
        ],
        [
          0,
          0,
          0,
          1
        ]
      ]
    },
    {
      "file_path": "images/frame_00027.jpg",
      "transform_matrix": [
        [
          0.5080281,
          -0.12344971,
          0.85244787,
          2.665635
        ],
        [
          0.8611303,
          0.09465548,
          -0.4994947,
          0.008227347
        ],
        [
          -0.019026387,
          0.98782605,
          0.15439393,
          0.032181323
        ],
        [
          0,
          0,
          0,
          1
        ]
      ]
    },
    {
      "file_path": "images/frame_00028.jpg",
      "transform_matrix": [
        [
          0.51623166,
          -0.12424639,
          0.8473887,
          2.515778
        ],
        [
          0.85632986,
          0.09138273,
          -0.50827986,
          -0.12076321
        ],
        [
          -0.014284752,
          0.98803437,
          0.15357053,
          0.04485008
        ],
        [
          0,
          0,
          0,
          1
        ]
      ]
    },
    {
      "file_path": "images/frame_00029.jpg",
      "transform_matrix": [
        [
          0.53720784,
          -0.13027604,
          0.8333281,
          2.3975508
        ],
        [
          0.8432897,
          0.10221517,
          -0.5276501,
          -0.2523167
        ],
        [
          -0.01643861,
          0.98619473,
          0.16477123,
          0.034430653
        ],
        [
          0,
          0,
          0,
          1
        ]
      ]
    },
    {
      "file_path": "images/frame_00030.jpg",
      "transform_matrix": [
        [
          0.5816129,
          -0.1328834,
          0.80253863,
          2.1881196
        ],
        [
          0.8132096,
          0.11973058,
          -0.5695215,
          -0.48601693
        ],
        [
          -0.020408448,
          0.9838732,
          0.17769891,
          0.04141079
        ],
        [
          0,
          0,
          0,
          1
        ]
      ]
    },
    {
      "file_path": "images/frame_00031.jpg",
      "transform_matrix": [
        [
          0.606903,
          -0.13764225,
          0.7827664,
          2.0288718
        ],
        [
          0.7944956,
          0.13122226,
          -0.5929228,
          -0.6925292
        ],
        [
          -0.021105144,
          0.9817511,
          0.18899535,
          0.040735066
        ],
        [
          0,
          0,
          0,
          1
        ]
      ]
    },
    {
      "file_path": "images/frame_00032.jpg",
      "transform_matrix": [
        [
          0.6097397,
          -0.14434616,
          0.7793469,
          1.9502405
        ],
        [
          0.79240733,
          0.13279146,
          -0.59536296,
          -0.7952356
        ],
        [
          -0.017552245,
          0.9805766,
          0.19534917,
          0.026172057
        ],
        [
          0,
          0,
          0,
          1
        ]
      ]
    },
    {
      "file_path": "images/frame_00033.jpg",
      "transform_matrix": [
        [
          0.6174447,
          -0.14562331,
          0.7730173,
          1.8467169
        ],
        [
          0.78656864,
          0.12488153,
          -0.6047432,
          -0.903248
        ],
        [
          -0.008470874,
          0.98142666,
          0.19165015,
          0.018327028
        ],
        [
          0,
          0,
          0,
          1
        ]
      ]
    },
    {
      "file_path": "images/frame_00034.jpg",
      "transform_matrix": [
        [
          0.6415712,
          -0.14950497,
          0.75235254,
          1.6740083
        ],
        [
          0.7670492,
          0.11906886,
          -0.63044286,
          -1.0492672
        ],
        [
          0.0046725757,
          0.9815654,
          0.19106883,
          0.027818851
        ],
        [
          0,
          0,
          0,
          1
        ]
      ]
    },
    {
      "file_path": "images/frame_00035.jpg",
      "transform_matrix": [
        [
          0.67194474,
          -0.14816672,
          0.7256286,
          1.574358
        ],
        [
          0.74053806,
          0.12161611,
          -0.66091824,
          -1.1478758
        ],
        [
          0.009677969,
          0.98145604,
          0.1914424,
          0.026889473
        ],
        [
          0,
          0,
          0,
          1
        ]
      ]
    },
    {
      "file_path": "images/frame_00036.jpg",
      "transform_matrix": [
        [
          0.70431215,
          -0.14715093,
          0.6944717,
          1.4319569
        ],
        [
          0.7098355,
          0.13382141,
          -0.6915384,
          -1.3006382
        ],
        [
          0.008825336,
          0.98001957,
          0.198705,
          0.038443632
        ],
        [
          0,
          0,
          0,
          1
        ]
      ]
    },
    {
      "file_path": "images/frame_00037.jpg",
      "transform_matrix": [
        [
          0.7322402,
          -0.14525187,
          0.66537666,
          1.2397646
        ],
        [
          0.6810042,
          0.14528106,
          -0.71772325,
          -1.5268053
        ],
        [
          0.007584017,
          0.97867006,
          0.20529777,
          0.052111294
        ],
        [
          0,
          0,
          0,
          1
        ]
      ]
    },
    {
      "file_path": "images/frame_00038.jpg",
      "transform_matrix": [
        [
          0.74670637,
          -0.15076178,
          0.6478429,
          1.1273437
        ],
        [
          0.6649747,
          0.14660004,
          -0.7323367,
          -1.671512
        ],
        [
          0.015434589,
          0.9776396,
          0.20971994,
          0.044398926
        ],
        [
          0,
          0,
          0,
          1
        ]
      ]
    },
    {
      "file_path": "images/frame_00039.jpg",
      "transform_matrix": [
        [
          0.7537913,
          -0.15698104,
          0.6380874,
          1.0483515
        ],
        [
          0.6566551,
          0.14367428,
          -0.7403795,
          -1.7294009
        ],
        [
          0.024548803,
          0.97709495,
          0.21138282,
          0.032848552
        ],
        [
          0,
          0,
          0,
          1
        ]
      ]
    },
    {
      "file_path": "images/frame_00040.jpg",
      "transform_matrix": [
        [
          0.7637599,
          -0.17274316,
          0.6219569,
          0.8738174
        ],
        [
          0.6444009,
          0.14782934,
          -0.7502626,
          -1.8054254
        ],
        [
          0.03765925,
          0.9738101,
          0.22422194,
          0.02293494
        ],
        [
          0,
          0,
          0,
          1
        ]
      ]
    },
    {
      "file_path": "images/frame_00041.jpg",
      "transform_matrix": [
        [
          0.7718687,
          -0.17882551,
          0.61011475,
          0.72131085
        ],
        [
          0.6342403,
          0.14979208,
          -0.75848633,
          -1.8803974
        ],
        [
          0.044246353,
          0.9724113,
          0.22903816,
          0.026094973
        ],
        [
          0,
          0,
          0,
          1
        ]
      ]
    },
    {
      "file_path": "images/frame_00042.jpg",
      "transform_matrix": [
        [
          0.7886639,
          -0.17888556,
          0.58822536,
          0.6303497
        ],
        [
          0.613106,
          0.1573398,
          -0.7741739,
          -1.9600661
        ],
        [
          0.045937285,
          0.9712075,
          0.23376402,
          0.017278045
        ],
        [
          0,
          0,
          0,
          1
        ]
      ]
    },
    {
      "file_path": "images/frame_00043.jpg",
      "transform_matrix": [
        [
          0.81364566,
          -0.17456545,
          0.5545336,
          0.4639178
        ],
        [
          0.5797618,
          0.1729403,
          -0.796221,
          -2.196628
        ],
        [
          0.043091476,
          0.9693392,
          0.2419185,
          0.0377476
        ],
        [
          0,
          0,
          0,
          1
        ]
      ]
    },
    {
      "file_path": "images/frame_00044.jpg",
      "transform_matrix": [
        [
          0.82185435,
          -0.1711816,
          0.543371,
          0.33586064
        ],
        [
          0.56817806,
          0.1766757,
          -0.803716,
          -2.3972666
        ],
        [
          0.041580938,
          0.969269,
          0.24246334,
          0.0465152
        ],
        [
          0,
          0,
          0,
          1
        ]
      ]
    },
    {
      "file_path": "images/frame_00045.jpg",
      "transform_matrix": [
        [
          0.82583934,
          -0.17196071,
          0.5370463,
          0.1922227
        ],
        [
          0.56205034,
          0.1738223,
          -0.8086317,
          -2.5585897
        ],
        [
          0.045702275,
          0.96964693,
          0.24019986,
          0.035050616
        ],
        [
          0,
          0,
          0,
          1
        ]
      ]
    },
    {
      "file_path": "images/frame_00046.jpg",
      "transform_matrix": [
        [
          0.83513445,
          -0.1770997,
          0.5207552,
          -0.00051030563
        ],
        [
          0.5474971,
          0.17661153,
          -0.817958,
          -2.6813357
        ],
        [
          0.052888766,
          0.96821684,
          0.24445596,
          0.03098164
        ],
        [
          0,
          0,
          0,
          1
        ]
      ]
    },
    {
      "file_path": "images/frame_00047.jpg",
      "transform_matrix": [
        [
          0.8457261,
          -0.1722328,
          0.5050576,
          -0.101510994
        ],
        [
          0.53092176,
          0.17657948,
          -0.8288195,
          -2.7789552
        ],
        [
          0.053567104,
          0.9691003,
          0.24078001,
          0.044973485
        ],
        [
          0,
          0,
          0,
          1
        ]
      ]
    },
    {
      "file_path": "images/frame_00048.jpg",
      "transform_matrix": [
        [
          0.8718766,
          -0.16185766,
          0.46220464,
          -0.2778003
        ],
        [
          0.48736575,
          0.1942329,
          -0.85132146,
          -2.9807744
        ],
        [
          0.04801757,
          0.96751,
          0.24823101,
          0.04494868
        ],
        [
          0,
          0,
          0,
          1
        ]
      ]
    },
    {
      "file_path": "images/frame_00049.jpg",
      "transform_matrix": [
        [
          0.9025421,
          -0.1465284,
          0.40490362,
          -0.4618277
        ],
        [
          0.4283936,
          0.2104511,
          -0.878743,
          -3.2182848
        ],
        [
          0.0435484,
          0.96656066,
          0.2527128,
          0.06518529
        ],
        [
          0,
          0,
          0,
          1
        ]
      ]
    },
    {
      "file_path": "images/frame_00050.jpg",
      "transform_matrix": [
        [
          0.92004275,
          -0.13612938,
          0.36740977,
          -0.57886106
        ],
        [
          0.3896793,
          0.2200703,
          -0.8942701,
          -3.369381
        ],
        [
          0.04088046,
          0.96593875,
          0.2555209,
          0.060908243
        ],
        [
          0,
          0,
          0,
          1
        ]
      ]
    },
    {
      "file_path": "images/frame_00051.jpg",
      "transform_matrix": [
        [
          0.9429351,
          -0.12732917,
          0.30766958,
          -0.8274957
        ],
        [
          0.32938483,
          0.22133887,
          -0.917886,
          -3.4836705
        ],
        [
          0.048774425,
          0.9668486,
          0.25064847,
          0.042540126
        ],
        [
          0,
          0,
          0,
          1
        ]
      ]
    },
    {
      "file_path": "images/frame_00052.jpg",
      "transform_matrix": [
        [
          0.9572806,
          -0.11939679,
          0.26335925,
          -1.0018395
        ],
        [
          0.2841928,
          0.22038516,
          -0.9330942,
          -3.5620193
        ],
        [
          0.053368,
          0.9680778,
          0.24490215,
          0.056970447
        ],
        [
          0,
          0,
          0,
          1
        ]
      ]
    },
    {
      "file_path": "images/frame_00053.jpg",
      "transform_matrix": [
        [
          0.97177,
          -0.11089924,
          0.208241,
          -1.1472399
        ],
        [
          0.22896762,
          0.23046005,
          -0.94576,
          -3.67109
        ],
        [
          0.056892835,
          0.9667416,
          0.2493465,
          0.058805235
        ],
        [
          0,
          0,
          0,
          1
        ]
      ]
    },
    {
      "file_path": "images/frame_00054.jpg",
      "transform_matrix": [
        [
          0.9857724,
          -0.09965366,
          0.13535844,
          -1.3759209
        ],
        [
          0.15628564,
          0.2470053,
          -0.956328,
          -3.9000354
        ],
        [
          0.061867326,
          0.96387625,
          0.25906542,
          0.08245339
        ],
        [
          0,
          0,
          0,
          1
        ]
      ]
    },
    {
      "file_path": "images/frame_00055.jpg",
      "transform_matrix": [
        [
          0.9913392,
          -0.093344234,
          0.09237628,
          -1.5253909
        ],
        [
          0.11333399,
          0.25272107,
          -0.9608785,
          -4.0186615
        ],
        [
          0.06634705,
          0.96302587,
          0.26111138,
          0.078793675
        ],
        [
          0,
          0,
          0,
          1
        ]
      ]
    },
    {
      "file_path": "images/frame_00056.jpg",
      "transform_matrix": [
        [
          0.99461293,
          -0.09192676,
          0.04789999,
          -1.7836046
        ],
        [
          0.07003728,
          0.25530088,
          -0.9643217,
          -4.016323
        ],
        [
          0.07641805,
          0.9624816,
          0.26036388,
          0.06397262
        ],
        [
          0,
          0,
          0,
          1
        ]
      ]
    },
    {
      "file_path": "images/frame_00057.jpg",
      "transform_matrix": [
        [
          0.99541324,
          -0.090911835,
          0.02978615,
          -1.9527471
        ],
        [
          0.052168217,
          0.2548424,
          -0.9655743,
          -4.020012
        ],
        [
          0.08019137,
          0.9626994,
          0.2584162,
          0.06372288
        ],
        [
          0,
          0,
          0,
          1
        ]
      ]
    },
    {
      "file_path": "images/frame_00058.jpg",
      "transform_matrix": [
        [
          0.99620867,
          -0.08693522,
          0.0032139495,
          -2.0970216
        ],
        [
          0.026005467,
          0.26234037,
          -0.96462494,
          -4.073454
        ],
        [
          0.08301673,
          0.96105134,
          0.26360655,
          0.06350951
        ],
        [
          0,
          0,
          0,
          1
        ]
      ]
    },
    {
      "file_path": "images/frame_00059.jpg",
      "transform_matrix": [
        [
          0.99644196,
          -0.0733414,
          -0.041524574,
          -2.3687866
        ],
        [
          -0.019466259,
          0.27909645,
          -0.9600657,
          -4.241017
        ],
        [
          0.08200193,
          0.95745814,
          0.27667573,
          0.09498945
        ],
        [
          0,
          0,
          0,
          1
        ]
      ]
    },
    {
      "file_path": "images/frame_00060.jpg",
      "transform_matrix": [
        [
          0.9953849,
          -0.0558244,
          -0.07805426,
          -2.5647552
        ],
        [
          -0.05839984,
          0.2930305,
          -0.95431787,
          -4.349004
        ],
        [
          0.07614649,
          0.9544719,
          0.288418,
          0.1070105
        ],
        [
          0,
          0,
          0,
          1
        ]
      ]
    },
    {
      "file_path": "images/frame_00061.jpg",
      "transform_matrix": [
        [
          0.9918904,
          -0.038066264,
          -0.12126164,
          -2.7447774
        ],
        [
          -0.10393281,
          0.30621576,
          -0.9462716,
          -4.328328
        ],
        [
          0.07315325,
          0.95120066,
          0.29977608,
          0.08767372
        ],
        [
          0,
          0,
          0,
          1
        ]
      ]
    },
    {
      "file_path": "images/frame_00062.jpg",
      "transform_matrix": [
        [
          0.9860009,
          -0.017604187,
          -0.16580726,
          -2.9137912
        ],
        [
          -0.15178598,
          0.31682694,
          -0.93625945,
          -4.2753706
        ],
        [
          0.069014296,
          0.9483199,
          0.3097196,
          0.08721739
        ],
        [
          0,
          0,
          0,
          1
        ]
      ]
    },
    {
      "file_path": "images/frame_00063.jpg",
      "transform_matrix": [
        [
          0.97150487,
          0.01441174,
          -0.23658067,
          -3.1140172
        ],
        [
          -0.22866361,
          0.3196812,
          -0.9195199,
          -4.2528353
        ],
        [
          0.062378507,
          0.94741553,
          0.31386733,
          0.09310046
        ],
        [
          0,
          0,
          0,
          1
        ]
      ]
    },
    {
      "file_path": "images/frame_00064.jpg",
      "transform_matrix": [
        [
          0.9590059,
          0.036908753,
          -0.2809721,
          -3.2810736
        ],
        [
          -0.27761453,
          0.3214398,
          -0.9053213,
          -4.2599077
        ],
        [
          0.056901343,
          0.9462103,
          0.31850907,
          0.10771498
        ],
        [
          0,
          0,
          0,
          1
        ]
      ]
    },
    {
      "file_path": "images/frame_00065.jpg",
      "transform_matrix": [
        [
          0.9236885,
          0.07833002,
          -0.3750518,
          -3.5655801
        ],
        [
          -0.3796379,
          0.31923732,
          -0.8683102,
          -4.2849092
        ],
        [
          0.051715776,
          0.94443196,
          0.32461286,
          0.12147567
        ],
        [
          0,
          0,
          0,
          1
        ]
      ]
    },
    {
      "file_path": "images/frame_00066.jpg",
      "transform_matrix": [
        [
          0.9009116,
          0.0934848,
          -0.42381454,
          -3.6523159
        ],
        [
          -0.43076795,
          0.31161216,
          -0.8469574,
          -4.2356596
        ],
        [
          0.052888125,
          0.94559944,
          0.32100525,
          0.112689406
        ],
        [
          0,
          0,
          0,
          1
        ]
      ]
    },
    {
      "file_path": "images/frame_00067.jpg",
      "transform_matrix": [
        [
          0.88713455,
          0.0985726,
          -0.45086086,
          -3.7754896
        ],
        [
          -0.4581128,
          0.3064134,
          -0.83441204,
          -4.051029
        ],
        [
          0.055899657,
          0.9467809,
          0.3169873,
          0.10297069
        ],
        [
          0,
          0,
          0,
          1
        ]
      ]
    },
    {
      "file_path": "images/frame_00068.jpg",
      "transform_matrix": [
        [
          0.8776931,
          0.09703683,
          -0.46929574,
          -3.8845553
        ],
        [
          -0.47558388,
          0.29682827,
          -0.82807785,
          -3.9197972
        ],
        [
          0.0589462,
          0.9499877,
          0.3066733,
          0.11969745
        ],
        [
          0,
          0,
          0,
          1
        ]
      ]
    },
    {
      "file_path": "images/frame_00069.jpg",
      "transform_matrix": [
        [
          0.83948797,
          0.112380326,
          -0.5316299,
          -4.024788
        ],
        [
          -0.5396543,
          0.2867772,
          -0.79153776,
          -3.8075135
        ],
        [
          0.06350609,
          0.9513828,
          0.30139256,
          0.11566433
        ],
        [
          0,
          0,
          0,
          1
        ]
      ]
    },
    {
      "file_path": "images/frame_00070.jpg",
      "transform_matrix": [
        [
          0.78496176,
          0.14052805,
          -0.603396,
          -4.204596
        ],
        [
          -0.6162805,
          0.27694747,
          -0.73722345,
          -3.677556
        ],
        [
          0.063508436,
          0.9505534,
          0.30399787,
          0.12023601
        ],
        [
          0,
          0,
          0,
          1
        ]
      ]
    },
    {
      "file_path": "images/frame_00071.jpg",
      "transform_matrix": [
        [
          0.7037341,
          0.17746153,
          -0.687943,
          -4.3717437
        ],
        [
          -0.70769745,
          0.26045603,
          -0.6567549,
          -3.5405388
        ],
        [
          0.06263018,
          0.9490363,
          0.3088809,
          0.13582116
        ],
        [
          0,
          0,
          0,
          1
        ]
      ]
    },
    {
      "file_path": "images/frame_00072.jpg",
      "transform_matrix": [
        [
          0.6326504,
          0.20467891,
          -0.74690014,
          -4.509868
        ],
        [
          -0.772095,
          0.24165554,
          -0.58776855,
          -3.4155927
        ],
        [
          0.060188733,
          0.94852984,
          0.31091505,
          0.12399268
        ],
        [
          0,
          0,
          0,
          1
        ]
      ]
    },
    {
      "file_path": "images/frame_00073.jpg",
      "transform_matrix": [
        [
          0.5847755,
          0.22367199,
          -0.77974886,
          -4.6000705
        ],
        [
          -0.80925566,
          0.22728635,
          -0.54170674,
          -3.2845736
        ],
        [
          0.05606166,
          0.947793,
          0.31391928,
          0.12921783
        ],
        [
          0,
          0,
          0,
          1
        ]
      ]
    },
    {
      "file_path": "images/frame_00074.jpg",
      "transform_matrix": [
        [
          0.536868,
          0.24101156,
          -0.8085085,
          -4.6989684
        ],
        [
          -0.84185296,
          0.21583636,
          -0.49466988,
          -3.131855
        ],
        [
          0.055284373,
          0.9462177,
          0.31877193,
          0.14205477
        ],
        [
          0,
          0,
          0,
          1
        ]
      ]
    },
    {
      "file_path": "images/frame_00075.jpg",
      "transform_matrix": [
        [
          0.46124125,
          0.2589425,
          -0.848649,
          -4.83536
        ],
        [
          -0.8855902,
          0.19326365,
          -0.42234957,
          -3.0129259
        ],
        [
          0.054648735,
          0.9463603,
          0.31845814,
          0.14483237
        ],
        [
          0,
          0,
          0,
          1
        ]
      ]
    },
    {
      "file_path": "images/frame_00076.jpg",
      "transform_matrix": [
        [
          0.38770083,
          0.28127828,
          -0.87782145,
          -5.0492115
        ],
        [
          -0.9202069,
          0.17380746,
          -0.35072812,
          -2.8632822
        ],
        [
          0.053919703,
          0.9437549,
          0.3262195,
          0.16878879
        ],
        [
          0,
          0,
          0,
          1
        ]
      ]
    },
    {
      "file_path": "images/frame_00077.jpg",
      "transform_matrix": [
        [
          0.31977028,
          0.29922682,
          -0.8990051,
          -5.242276
        ],
        [
          -0.94582224,
          0.15716451,
          -0.2841119,
          -2.7048192
        ],
        [
          0.056277808,
          0.9411496,
          0.3332719,
          0.17332864
        ],
        [
          0,
          0,
          0,
          1
        ]
      ]
    },
    {
      "file_path": "images/frame_00078.jpg",
      "transform_matrix": [
        [
          0.2820813,
          0.3112564,
          -0.9074963,
          -5.2722073
        ],
        [
          -0.9574787,
          0.15101954,
          -0.24582034,
          -2.5298917
        ],
        [
          0.06053652,
          0.9382496,
          0.34062117,
          0.15490532
        ],
        [
          0,
          0,
          0,
          1
        ]
      ]
    },
    {
      "file_path": "images/frame_00079.jpg",
      "transform_matrix": [
        [
          0.26346803,
          0.334122,
          -0.9049569,
          -5.2619443
        ],
        [
          -0.9627887,
          0.14960636,
          -0.22506846,
          -2.3457372
        ],
        [
          0.060186986,
          0.93058056,
          0.36110538,
          0.13996977
        ],
        [
          0,
          0,
          0,
          1
        ]
      ]
    },
    {
      "file_path": "images/frame_00080.jpg",
      "transform_matrix": [
        [
          0.25244108,
          0.38768268,
          -0.8865526,
          -5.276771
        ],
        [
          -0.96603954,
          0.15319635,
          -0.20808297,
          -2.203895
        ],
        [
          0.055146456,
          0.9089736,
          0.41318983,
          0.13075921
        ],
        [
          0,
          0,
          0,
          1
        ]
      ]
    },
    {
      "file_path": "images/frame_00081.jpg",
      "transform_matrix": [
        [
          0.25501102,
          0.43925452,
          -0.86140853,
          -5.344776
        ],
        [
          -0.96543103,
          0.16538431,
          -0.20147209,
          -2.148582
        ],
        [
          0.05396592,
          0.8830081,
          0.46624476,
          0.08527559
        ],
        [
          0,
          0,
          0,
          1
        ]
      ]
    },
    {
      "file_path": "images/frame_00082.jpg",
      "transform_matrix": [
        [
          0.29382038,
